# Created by Octave 3.8.2, Sun Nov 08 17:37:53 2015 Pacific Standard Time <unknown@TVU-602Z2R1>
# name: v
# type: matrix
# rows: 10
# columns: 1
 399900
 329900
 369000
 232000
 539900
 299900
 314900
 198999
 212000
 242500


